index	displacement
1	0.788
2	0.525
3	0.299
4	0.247
5	0.186
6	0.084
7	0.026
8	0.068
9	0.019
10	0.013
11	0.049
12	0.047
13	0.037
14	0.073
15	0.097
16	0.079
17	0.093
18	0.136
19	0.116
20	0.098
21	0.119
22	0.13
23	0.083
24	0.068
25	0.076
26	0.056
27	0.025
28	0.016
29	0.014
30	0.02
31	0.031
32	0.053
33	0.052
34	0.081
35	0.104
36	0.15
37	0.21
38	0.169
39	0.423
40	0.668
41	1.104
42	2.944
43	6.033
44	7.441
45	3.87
46	5.1
47	3.439
48	14.153
49	12.846
50	3.972
51	1.254
52	1.581
53	2.815
54	2.505
55	1.754
56	0.918
57	1.37
58	0.719
59	0.572
60	0.26
61	0.211
62	0.077
63	0.039
64	0.014
65	0.009
66	0.011
67	0.014
68	0.025
69	0.037
70	0.043
71	0.061
72	0.072
73	0.085
74	0.075
75	0.073
76	0.094
77	0.103
78	0.065
79	0.054
80	0.097
81	0.101
82	0.041
83	0.036
84	0.075
85	0.127
86	0.114
87	0.042
88	0.117
89	0.176
90	0.08
91	0.106
92	0.23
93	0.17
94	0.121
95	0.258
96	0.298
97	0.165
98	0.109
99	0.037
100	0.062
101	0.039
102	0.016
103	0.029
104	0.058
105	0.054
106	0.058
107	0.073
108	0.067
109	0.065
110	0.075
111	0.071
112	0.047
113	0.052
114	0.052
115	0.021
116	0.016
117	0.033
118	0.016
119	0.015
120	0.039
121	0.051
122	0.054
123	0.028
124	0.065
125	0.115
126	0.171
127	0.123
128	0.045
129	0.041
130	0.078
131	0.089
132	0.066
133	0.067
134	0.075
135	0.099
136	0.096
137	0.09
138	0.088
139	0.084
140	0.063
141	0.065
142	0.047
143	0.008
144	0.035
145	0.087
146	0.046
147	0.071
148	0.172
149	0.239
150	0.227
151	0.333
152	0.514
153	0.539
154	0.647
155	0.438
156	0.206
157	0.14
158	0.039
159	0.058
160	0.047
161	0.007
162	0.02
163	0.067
164	0.057
165	0.058
166	0.105
167	0.108
168	0.104
169	0.116
170	0.101
171	0.072
172	0.102
173	0.098
174	0.045
175	0.06
176	0.118
177	0.105
178	0.051
179	0.051
180	0.114
181	0.125
182	0.092
183	0.112
184	0.192
185	0.228
186	0.173
187	0.121
188	0.108
189	0.176
190	0.146
191	0.175
192	0.181
193	0.117
194	0.066
195	0.097
196	0.121
197	0.065
198	0.058
199	0.101
200	0.102
201	0.076
202	0.095
203	0.105
204	0.096
205	0.098
206	0.1
207	0.062
208	0.068
209	0.075
210	0.025
211	0.011
212	0.05
213	0.035
214	0.027
215	0.084
216	0.164
217	0.163
218	0.263
219	0.272
220	0.435
221	0.317
222	0.166
223	0.372
224	0.311
225	0.205
226	0.126
227	0.081
228	0.038
229	0.04
230	0.012
231	0.008
232	0.032
233	0.037
234	0.039
235	0.053
236	0.07
237	0.077
238	0.074
239	0.08
240	0.072
241	0.075
242	0.075
243	0.052
244	0.035
245	0.055
246	0.065
247	0.026
248	0.033
249	0.085
250	0.084
251	0.056
252	0.047
253	0.089
254	0.158
