index	displacement
1	0.202
2	0.148
3	0.167
4	0.156
5	0.102
6	0.089
7	0.101
8	0.08
9	0.047
10	0.053
11	0.053
12	0.034
13	0.021
14	0.026
15	0.021
16	0.009
17	0.006
18	0.005
19	0.004
20	0.001
21	0.001
22	0.001
23	0.004
24	0.005
25	0.007
26	0.012
27	0.015
28	0.02
29	0.025
30	0.032
31	0.035
32	0.049
33	0.055
34	0.058
35	0.071
36	0.047
37	0.048
38	0.046
39	0.03
40	0.583
41	2.158
42	2.846
43	5.936
44	1.654
45	3.464
46	3.75
47	12.323
48	17.748
49	10.147
50	0.531
51	8.82
52	7.837
53	6.632
54	6.402
55	1.729
56	0.733
57	0.18
58	0.19
59	0.366
60	0.242
61	0.147
62	0.064
63	0.05
64	0.028
65	0.024
66	0.023
67	0.021
68	0.013
69	0.01
70	0.014
71	0.009
72	0.004
73	0.006
74	0.009
75	0.003
76	0.004
77	0.013
78	0.015
79	0.012
80	0.022
81	0.036
82	0.035
83	0.044
84	0.068
85	0.086
86	0.072
87	0.072
88	0.103
89	0.08
90	0.045
91	0.059
92	0.067
93	0.035
94	0.021
95	0.035
96	0.025
97	0.006
98	0.011
99	0.011
100	0.016
101	0.012
102	0.004
103	0.008
104	0.013
105	0.006
106	0.007
107	0.013
108	0.011
109	0.007
110	0.01
111	0.013
112	0.009
113	0.009
114	0.01
115	0.007
116	0.008
117	0.007
118	0.004
119	0.004
120	0.005
121	0.004
122	0.001
123	0.004
124	0.005
125	0.038
126	0.074
127	0.078
128	0.022
129	0.007
130	0.014
131	0.005
132	0.007
133	0.012
134	0.013
135	0.017
136	0.016
137	0.017
138	0.023
139	0.02
140	0.015
141	0.021
142	0.026
143	0.016
144	0.018
145	0.03
146	0.024
147	0.015
148	0.03
149	0.042
150	0.028
151	0.027
152	0.048
153	0.05
154	0.04
155	0.049
156	0.04
157	0.053
158	0.05
159	0.056
160	0.041
161	0.035
162	0.044
163	0.04
164	0.028
165	0.03
166	0.029
167	0.022
168	0.019
169	0.02
170	0.013
171	0.01
172	0.013
173	0.013
174	0.008
175	0.009
176	0.013
177	0.01
178	0.006
179	0.006
180	0.009
181	0.008
182	0.006
183	0.005
184	0.009
185	0.008
186	0.007
187	0.004
188	0.003
189	0.004
190	0.003
191	0.005
192	0.01
193	0.011
194	0.006
195	0.005
196	0.009
197	0.008
198	0.005
199	0.005
200	0.008
201	0.007
202	0.006
203	0.007
204	0.008
205	0.009
206	0.012
207	0.01
208	0.008
209	0.014
210	0.017
211	0.009
212	0.01
213	0.02
214	0.017
215	0.006
216	0.011
217	0.019
218	0.009
219	0.025
220	0.029
221	0.027
222	0.011
223	0.006
224	0.01
225	0.005
226	0.014
227	0.014
228	0.003
229	0.003
230	0.007
231	0.005
232	0.0
233	0.001
234	0.002
235	0.002
236	0.001
237	0.001
238	0.002
239	0.004
240	0.004
241	0.005
242	0.006
243	0.008
244	0.01
245	0.014
246	0.013
247	0.015
248	0.022
249	0.025
250	0.019
251	0.022
252	0.033
253	0.04
254	0.038
