index	displacement
1	3.887
2	2.617
3	2.501
4	2.222
5	1.513
6	1.065
7	0.999
8	0.816
9	0.438
10	0.344
11	0.3
12	0.255
13	0.096
14	0.069
15	0.087
16	0.078
17	0.016
18	0.046
19	0.144
20	0.117
21	0.141
22	0.29
23	0.315
24	0.269
25	0.447
26	0.57
27	0.422
28	0.482
29	0.762
30	0.769
31	0.446
32	0.384
33	0.28
34	0.075
35	0.064
36	0.079
37	0.371
38	0.546
39	1.075
40	0.998
41	1.163
42	0.79
43	0.381
44	0.146
45	0.198
46	0.275
47	1.87
48	0.828
49	0.178
50	1.301
51	1.933
52	1.27
53	2.071
54	1.919
55	2.626
56	2.262
57	2.436
58	1.824
59	1.79
60	1.159
61	0.431
62	0.279
63	0.223
64	0.103
65	0.219
66	0.236
67	0.118
68	0.136
69	0.204
70	0.146
71	0.101
72	0.12
73	0.116
74	0.075
75	0.038
76	0.035
77	0.061
78	0.049
79	0.02
80	0.05
81	0.159
82	0.154
83	0.207
84	0.355
85	0.531
86	0.46
87	0.487
88	0.843
89	0.579
90	0.277
91	0.483
92	0.506
93	0.16
94	0.133
95	0.27
96	0.075
97	0.022
98	0.007
99	0.014
100	0.038
101	0.029
102	0.012
103	0.033
104	0.042
105	0.03
106	0.037
107	0.043
108	0.036
109	0.037
110	0.033
111	0.02
112	0.018
113	0.034
114	0.023
115	0.005
116	0.006
117	0.059
118	0.081
119	0.046
120	0.066
121	0.218
122	0.234
123	0.32
124	0.371
125	0.581
126	0.45
127	0.414
128	0.285
129	0.115
130	0.103
131	0.05
132	0.023
133	0.016
134	0.025
135	0.014
136	0.022
137	0.042
138	0.063
139	0.054
140	0.055
141	0.106
142	0.147
143	0.106
144	0.122
145	0.251
146	0.255
147	0.158
148	0.278
149	0.489
150	0.427
151	0.342
152	0.639
153	0.842
154	0.899
155	1.028
156	0.73
157	0.763
158	0.605
159	0.58
160	0.366
161	0.279
162	0.287
163	0.218
164	0.112
165	0.091
166	0.042
167	0.033
168	0.024
169	0.04
170	0.046
171	0.054
172	0.1
173	0.192
174	0.203
175	0.201
176	0.362
177	0.513
178	0.461
179	0.344
180	0.521
181	0.733
182	0.55
183	0.423
184	0.71
185	0.713
186	0.73
187	0.467
188	0.282
189	0.38
190	0.334
191	0.578
192	0.778
193	0.533
194	0.312
195	0.482
196	0.519
197	0.256
198	0.22
199	0.316
200	0.261
201	0.114
202	0.106
203	0.117
204	0.08
205	0.034
206	0.029
207	0.041
208	0.042
209	0.099
210	0.153
211	0.13
212	0.152
213	0.346
214	0.399
215	0.24
216	0.323
217	0.555
218	0.428
219	0.784
220	0.832
221	0.683
222	0.386
223	0.314
224	0.255
225	0.105
226	0.191
227	0.277
228	0.116
229	0.052
230	0.083
231	0.07
232	0.013
233	0.011
234	0.005
235	0.024
236	0.034
237	0.06
238	0.076
239	0.086
240	0.105
241	0.188
242	0.201
243	0.153
244	0.2
245	0.359
246	0.311
247	0.177
248	0.306
249	0.441
250	0.289
251	0.134
252	0.178
253	0.348
254	0.453
