index	displacement
1	0.145
2	0.099
3	0.087
4	0.103
5	0.076
6	0.048
7	0.058
8	0.062
9	0.032
10	0.026
11	0.046
12	0.034
13	0.016
14	0.032
15	0.046
16	0.026
17	0.027
18	0.053
19	0.05
20	0.038
21	0.06
22	0.082
23	0.068
24	0.074
25	0.108
26	0.114
27	0.102
28	0.129
29	0.163
30	0.159
31	0.149
32	0.185
33	0.191
34	0.177
35	0.192
36	0.171
37	0.218
38	0.216
39	0.221
40	0.255
41	0.166
42	0.156
43	0.541
44	1.018
45	4.444
46	6.872
47	14.402
48	17.504
49	12.112
50	12.653
51	6.309
52	3.198
53	0.599
54	0.215
55	0.104
56	0.085
57	0.129
58	0.219
59	0.303
60	0.286
61	0.236
62	0.167
63	0.143
64	0.115
65	0.11
66	0.114
67	0.093
68	0.071
69	0.075
70	0.071
71	0.045
72	0.04
73	0.049
74	0.034
75	0.017
76	0.027
77	0.028
78	0.011
79	0.009
80	0.02
81	0.011
82	0.003
83	0.013
84	0.016
85	0.007
86	0.001
87	0.004
88	0.005
89	0.006
90	0.006
91	0.02
92	0.028
93	0.028
94	0.034
95	0.06
96	0.069
97	0.062
98	0.042
99	0.018
100	0.022
101	0.008
102	0.005
103	0.018
104	0.026
105	0.015
106	0.016
107	0.037
108	0.045
109	0.032
110	0.028
111	0.051
112	0.061
113	0.045
114	0.054
115	0.085
116	0.082
117	0.068
118	0.095
119	0.119
120	0.103
121	0.106
122	0.145
123	0.148
124	0.182
125	0.2
126	0.22
127	0.222
128	0.165
129	0.136
130	0.149
131	0.14
132	0.096
133	0.086
134	0.101
135	0.089
136	0.054
137	0.058
138	0.077
139	0.052
140	0.035
141	0.058
142	0.074
143	0.046
144	0.052
145	0.094
146	0.092
147	0.074
148	0.097
149	0.145
150	0.141
151	0.134
152	0.188
153	0.227
154	0.252
155	0.257
156	0.19
157	0.192
158	0.157
159	0.176
160	0.128
161	0.094
162	0.119
163	0.127
164	0.078
165	0.068
166	0.1
167	0.092
168	0.055
169	0.066
170	0.092
171	0.071
172	0.046
173	0.065
174	0.082
175	0.054
176	0.043
177	0.069
178	0.097
179	0.083
180	0.065
181	0.093
182	0.12
183	0.102
184	0.097
185	0.138
186	0.161
187	0.171
188	0.141
189	0.144
190	0.112
191	0.087
192	0.055
193	0.057
194	0.058
195	0.04
196	0.025
197	0.03
198	0.028
199	0.012
200	0.007
201	0.011
202	0.012
203	0.002
204	0.001
205	0.009
206	0.013
207	0.009
208	0.011
209	0.03
210	0.036
211	0.031
212	0.044
213	0.074
214	0.081
215	0.075
216	0.104
217	0.139
218	0.137
219	0.158
220	0.163
221	0.126
222	0.096
223	0.132
224	0.104
225	0.067
226	0.052
227	0.058
228	0.039
229	0.021
230	0.024
231	0.02
232	0.006
233	0.005
234	0.012
235	0.003
236	0.002
237	0.012
238	0.011
239	0.007
240	0.018
241	0.03
242	0.024
243	0.032
244	0.05
245	0.06
246	0.055
247	0.074
248	0.096
249	0.1
250	0.096
251	0.119
252	0.137
253	0.154
254	0.154
