index	mode7	mode8	mode9	mode10	mode11	mode12
1	0.451	0.145	0.202	3.887	0.788	0.782
2	0.347	0.099	0.148	2.617	0.525	0.394
3	0.417	0.087	0.167	2.501	0.299	0.127
4	0.414	0.103	0.156	2.222	0.247	0.133
5	0.284	0.076	0.102	1.513	0.186	0.119
6	0.263	0.048	0.089	1.065	0.084	0.001
7	0.32	0.058	0.101	0.999	0.026	0.072
8	0.258	0.062	0.08	0.816	0.068	0.186
9	0.166	0.032	0.047	0.438	0.019	0.113
10	0.197	0.026	0.053	0.344	0.013	0.185
11	0.208	0.046	0.053	0.3	0.049	0.336
12	0.134	0.034	0.034	0.255	0.047	0.282
13	0.095	0.016	0.021	0.096	0.037	0.256
14	0.133	0.032	0.026	0.069	0.073	0.369
15	0.109	0.046	0.021	0.087	0.097	0.396
16	0.052	0.026	0.009	0.078	0.079	0.307
17	0.056	0.027	0.006	0.016	0.093	0.31
18	0.067	0.053	0.005	0.046	0.136	0.342
19	0.033	0.05	0.004	0.144	0.116	0.257
20	0.013	0.038	0.001	0.117	0.098	0.187
21	0.033	0.06	0.001	0.141	0.119	0.179
22	0.022	0.082	0.001	0.29	0.13	0.123
23	0.003	0.068	0.004	0.315	0.083	0.053
24	0.014	0.074	0.005	0.269	0.068	0.037
25	0.022	0.108	0.007	0.447	0.076	0.034
26	0.003	0.114	0.012	0.57	0.056	0.008
27	0.012	0.102	0.015	0.422	0.025	0.031
28	0.033	0.129	0.02	0.482	0.016	0.131
29	0.021	0.163	0.025	0.762	0.014	0.207
30	0.013	0.159	0.032	0.769	0.02	0.299
31	0.036	0.149	0.035	0.446	0.031	0.349
32	0.069	0.185	0.049	0.384	0.053	0.659
33	0.115	0.191	0.055	0.28	0.052	0.719
34	0.134	0.177	0.058	0.075	0.081	0.629
35	0.177	0.192	0.071	0.064	0.104	0.783
36	0.185	0.171	0.047	0.079	0.15	0.551
37	0.207	0.218	0.048	0.371	0.21	0.732
38	0.228	0.216	0.046	0.546	0.169	0.631
39	0.237	0.221	0.03	1.075	0.423	0.43
40	0.176	0.255	0.583	0.998	0.668	0.386
41	0.066	0.166	2.158	1.163	1.104	0.364
42	0.156	0.156	2.846	0.79	2.944	0.406
43	0.551	0.541	5.936	0.381	6.033	2.182
44	1.755	1.018	1.654	0.146	7.441	2.288
45	4.142	4.444	3.464	0.198	3.87	1.766
46	6.44	6.872	3.75	0.275	5.1	2.373
47	10.805	14.402	12.323	1.87	3.439	2.101
48	13.593	17.504	17.748	0.828	14.153	5.249
49	11.782	12.112	10.147	0.178	12.846	3.95
50	9.875	12.653	0.531	1.301	3.972	1.057
51	6.481	6.309	8.82	1.933	1.254	0.314
52	3.211	3.198	7.837	1.27	1.581	0.695
53	2.086	0.599	6.632	2.071	2.815	1.354
54	0.662	0.215	6.402	1.919	2.505	1.205
55	0.233	0.104	1.729	2.626	1.754	0.645
56	0.091	0.085	0.733	2.262	0.918	0.323
57	0.059	0.129	0.18	2.436	1.37	0.756
58	0.147	0.219	0.19	1.824	0.719	1.671
59	0.192	0.303	0.366	1.79	0.572	2.399
60	0.193	0.286	0.242	1.159	0.26	2.528
61	0.201	0.236	0.147	0.431	0.211	1.531
62	0.175	0.167	0.064	0.279	0.077	0.8
63	0.136	0.143	0.05	0.223	0.039	0.503
64	0.106	0.115	0.028	0.103	0.014	0.156
65	0.06	0.11	0.024	0.219	0.009	0.12
66	0.078	0.114	0.023	0.236	0.011	0.182
67	0.087	0.093	0.021	0.118	0.014	0.109
68	0.045	0.071	0.013	0.136	0.025	0.012
69	0.034	0.075	0.01	0.204	0.037	0.035
70	0.064	0.071	0.014	0.146	0.043	0.109
71	0.039	0.045	0.009	0.101	0.061	0.111
72	0.016	0.04	0.004	0.12	0.072	0.108
73	0.044	0.049	0.006	0.116	0.085	0.151
74	0.055	0.034	0.009	0.075	0.075	0.19
75	0.024	0.017	0.003	0.038	0.073	0.207
76	0.042	0.027	0.004	0.035	0.094	0.259
77	0.089	0.028	0.013	0.061	0.103	0.25
78	0.076	0.011	0.015	0.049	0.065	0.223
79	0.069	0.009	0.012	0.02	0.054	0.236
80	0.124	0.02	0.022	0.05	0.097	0.355
81	0.165	0.011	0.036	0.159	0.101	0.305
82	0.139	0.003	0.035	0.154	0.041	0.182
83	0.181	0.013	0.044	0.207	0.036	0.266
84	0.263	0.016	0.068	0.355	0.075	0.445
85	0.303	0.007	0.086	0.531	0.127	0.495
86	0.234	0.001	0.072	0.46	0.114	0.294
87	0.237	0.004	0.072	0.487	0.042	0.146
88	0.301	0.005	0.103	0.843	0.117	0.127
89	0.23	0.006	0.08	0.579	0.176	0.208
90	0.149	0.006	0.045	0.277	0.08	0.066
91	0.19	0.02	0.059	0.483	0.106	0.03
92	0.198	0.028	0.067	0.506	0.23	0.168
93	0.113	0.028	0.035	0.16	0.17	0.154
94	0.091	0.034	0.021	0.133	0.121	0.08
95	0.133	0.06	0.035	0.27	0.258	0.226
96	0.087	0.069	0.025	0.075	0.298	0.356
97	0.039	0.062	0.006	0.022	0.165	0.216
98	0.035	0.042	0.011	0.007	0.109	0.115
99	0.039	0.018	0.011	0.014	0.037	0.017
100	0.06	0.022	0.016	0.038	0.062	0.049
101	0.064	0.008	0.012	0.029	0.039	0.079
102	0.022	0.005	0.004	0.012	0.016	0.055
103	0.03	0.018	0.008	0.033	0.029	0.077
104	0.067	0.026	0.013	0.042	0.058	0.107
105	0.041	0.015	0.006	0.03	0.054	0.131
106	0.027	0.016	0.007	0.037	0.058	0.129
107	0.069	0.037	0.013	0.043	0.073	0.167
108	0.079	0.045	0.011	0.036	0.067	0.127
109	0.042	0.032	0.007	0.037	0.065	0.123
110	0.044	0.028	0.01	0.033	0.075	0.128
111	0.089	0.051	0.013	0.02	0.071	0.133
112	0.083	0.061	0.009	0.018	0.047	0.079
113	0.063	0.045	0.009	0.034	0.052	0.071
114	0.103	0.054	0.01	0.023	0.052	0.093
115	0.13	0.085	0.007	0.005	0.021	0.062
116	0.103	0.082	0.008	0.006	0.016	0.013
117	0.115	0.068	0.007	0.059	0.033	0.021
118	0.159	0.095	0.004	0.081	0.016	0.021
119	0.157	0.119	0.004	0.046	0.015	0.032
120	0.14	0.103	0.005	0.066	0.039	0.035
121	0.183	0.106	0.004	0.218	0.051	0.015
122	0.22	0.145	0.001	0.234	0.054	0.024
123	0.217	0.148	0.004	0.32	0.028	0.028
124	0.237	0.182	0.005	0.371	0.065	0.149
125	0.25	0.2	0.038	0.581	0.115	0.261
126	0.264	0.22	0.074	0.45	0.171	0.62
127	0.289	0.222	0.078	0.414	0.123	0.91
128	0.275	0.165	0.022	0.285	0.045	0.467
129	0.231	0.136	0.007	0.115	0.041	0.272
130	0.238	0.149	0.014	0.103	0.078	0.525
131	0.259	0.14	0.005	0.05	0.089	0.674
132	0.2	0.096	0.007	0.023	0.066	0.354
133	0.164	0.086	0.012	0.016	0.067	0.274
134	0.191	0.101	0.013	0.025	0.075	0.429
135	0.177	0.089	0.017	0.014	0.099	0.483
136	0.113	0.054	0.016	0.022	0.096	0.312
137	0.108	0.058	0.017	0.042	0.09	0.277
138	0.128	0.077	0.023	0.063	0.088	0.359
139	0.086	0.052	0.02	0.054	0.084	0.312
140	0.049	0.035	0.015	0.055	0.063	0.201
141	0.074	0.058	0.021	0.106	0.065	0.164
142	0.068	0.074	0.026	0.147	0.047	0.134
143	0.025	0.046	0.016	0.106	0.008	0.041
144	0.037	0.052	0.018	0.122	0.035	0.045
145	0.055	0.094	0.03	0.251	0.087	0.088
146	0.023	0.092	0.024	0.255	0.046	0.022
147	0.012	0.074	0.015	0.158	0.071	0.107
148	0.041	0.097	0.03	0.278	0.172	0.36
149	0.036	0.145	0.042	0.489	0.239	0.477
150	0.007	0.141	0.028	0.427	0.227	0.601
151	0.021	0.134	0.027	0.342	0.333	1.021
152	0.032	0.188	0.048	0.639	0.514	1.589
153	0.012	0.227	0.05	0.842	0.539	1.592
154	0.0	0.252	0.04	0.899	0.647	2.31
155	0.011	0.257	0.049	1.028	0.438	1.539
156	0.017	0.19	0.04	0.73	0.206	0.765
157	0.041	0.192	0.053	0.763	0.14	0.215
158	0.066	0.157	0.05	0.605	0.039	0.122
159	0.105	0.176	0.056	0.58	0.058	0.04
160	0.084	0.128	0.041	0.366	0.047	0.06
161	0.068	0.094	0.035	0.279	0.007	0.114
162	0.128	0.119	0.044	0.287	0.02	0.321
163	0.15	0.127	0.04	0.218	0.067	0.377
164	0.103	0.078	0.028	0.112	0.057	0.317
165	0.124	0.068	0.03	0.091	0.058	0.436
166	0.191	0.1	0.029	0.042	0.105	0.671
167	0.171	0.092	0.022	0.033	0.108	0.568
168	0.136	0.055	0.019	0.024	0.104	0.491
169	0.19	0.066	0.02	0.04	0.116	0.644
170	0.233	0.092	0.013	0.046	0.101	0.668
171	0.186	0.071	0.01	0.054	0.072	0.396
172	0.172	0.046	0.013	0.1	0.102	0.417
173	0.241	0.065	0.013	0.192	0.098	0.493
174	0.241	0.082	0.008	0.203	0.045	0.299
175	0.185	0.054	0.009	0.201	0.06	0.18
176	0.22	0.043	0.013	0.362	0.118	0.312
177	0.284	0.069	0.01	0.513	0.105	0.288
178	0.286	0.097	0.006	0.461	0.051	0.132
179	0.217	0.083	0.006	0.344	0.051	0.053
180	0.229	0.065	0.009	0.521	0.114	0.129
181	0.299	0.093	0.008	0.733	0.125	0.107
182	0.277	0.12	0.006	0.55	0.092	0.022
183	0.221	0.102	0.005	0.423	0.112	0.063
184	0.267	0.097	0.009	0.71	0.192	0.16
185	0.297	0.138	0.008	0.713	0.228	0.164
186	0.333	0.161	0.007	0.73	0.173	0.048
187	0.288	0.171	0.004	0.467	0.121	0.034
188	0.22	0.141	0.003	0.282	0.108	0.072
189	0.237	0.144	0.004	0.38	0.176	0.17
190	0.183	0.112	0.003	0.334	0.146	0.213
191	0.182	0.087	0.005	0.578	0.175	0.322
192	0.171	0.055	0.01	0.778	0.181	0.315
193	0.122	0.057	0.011	0.533	0.117	0.209
194	0.127	0.058	0.006	0.312	0.066	0.071
195	0.16	0.04	0.005	0.482	0.097	0.127
196	0.125	0.025	0.009	0.519	0.121	0.179
197	0.092	0.03	0.008	0.256	0.065	0.063
198	0.123	0.028	0.005	0.22	0.058	0.089
199	0.134	0.012	0.005	0.316	0.101	0.207
200	0.088	0.007	0.008	0.261	0.102	0.173
201	0.071	0.011	0.007	0.114	0.076	0.157
202	0.106	0.012	0.006	0.106	0.095	0.283
203	0.098	0.002	0.007	0.117	0.105	0.303
204	0.053	0.001	0.008	0.08	0.096	0.269
205	0.057	0.009	0.009	0.034	0.098	0.316
206	0.09	0.013	0.012	0.029	0.1	0.389
207	0.063	0.009	0.01	0.041	0.062	0.274
208	0.03	0.011	0.008	0.042	0.068	0.24
209	0.053	0.03	0.014	0.099	0.075	0.263
210	0.072	0.036	0.017	0.153	0.025	0.199
211	0.036	0.031	0.009	0.13	0.011	0.088
212	0.019	0.044	0.01	0.152	0.05	0.042
213	0.048	0.074	0.02	0.346	0.035	0.023
214	0.06	0.081	0.017	0.399	0.027	0.11
215	0.025	0.075	0.006	0.24	0.084	0.069
216	0.014	0.104	0.011	0.323	0.164	0.144
217	0.046	0.139	0.019	0.555	0.163	0.27
218	0.055	0.137	0.009	0.428	0.263	0.623
219	0.116	0.158	0.025	0.784	0.272	1.005
220	0.166	0.163	0.029	0.832	0.435	1.634
221	0.156	0.126	0.027	0.683	0.317	1.059
222	0.08	0.096	0.011	0.386	0.166	0.444
223	0.082	0.132	0.006	0.314	0.372	0.873
224	0.101	0.104	0.01	0.255	0.311	0.577
225	0.053	0.067	0.005	0.105	0.205	0.223
226	0.087	0.052	0.014	0.191	0.126	0.087
227	0.089	0.058	0.014	0.277	0.081	0.118
228	0.036	0.039	0.003	0.116	0.038	0.013
229	0.031	0.021	0.003	0.052	0.04	0.005
230	0.056	0.024	0.007	0.083	0.012	0.036
231	0.041	0.02	0.005	0.07	0.008	0.08
232	0.009	0.006	0.0	0.013	0.032	0.1
233	0.017	0.005	0.001	0.011	0.037	0.126
234	0.029	0.012	0.002	0.005	0.039	0.155
235	0.018	0.003	0.002	0.024	0.053	0.169
236	0.001	0.002	0.001	0.034	0.07	0.17
237	0.005	0.012	0.001	0.06	0.077	0.164
238	0.019	0.011	0.002	0.076	0.074	0.148
239	0.018	0.007	0.004	0.086	0.08	0.141
240	0.007	0.018	0.004	0.105	0.072	0.095
241	0.007	0.03	0.005	0.188	0.075	0.063
242	0.028	0.024	0.006	0.201	0.075	0.077
243	0.035	0.032	0.008	0.153	0.052	0.03
244	0.021	0.05	0.01	0.2	0.035	0.003
245	0.023	0.06	0.014	0.359	0.055	0.049
246	0.053	0.055	0.013	0.311	0.065	0.098
247	0.06	0.074	0.015	0.177	0.026	0.056
248	0.042	0.096	0.022	0.306	0.033	0.153
249	0.06	0.1	0.025	0.441	0.085	0.321
250	0.095	0.096	0.019	0.289	0.084	0.284
251	0.107	0.119	0.022	0.134	0.056	0.277
252	0.078	0.137	0.033	0.178	0.047	0.374
253	0.074	0.154	0.04	0.348	0.089	0.576
254	0.103	0.154	0.038	0.453	0.158	0.773
