index	displacement
1	0.451
2	0.347
3	0.417
4	0.414
5	0.284
6	0.263
7	0.32
8	0.258
9	0.166
10	0.197
11	0.208
12	0.134
13	0.095
14	0.133
15	0.109
16	0.052
17	0.056
18	0.067
19	0.033
20	0.013
21	0.033
22	0.022
23	0.003
24	0.014
25	0.022
26	0.003
27	0.012
28	0.033
29	0.021
30	0.013
31	0.036
32	0.069
33	0.115
34	0.134
35	0.177
36	0.185
37	0.207
38	0.228
39	0.237
40	0.176
41	0.066
42	0.156
43	0.551
44	1.755
45	4.142
46	6.44
47	10.805
48	13.593
49	11.782
50	9.875
51	6.481
52	3.211
53	2.086
54	0.662
55	0.233
56	0.091
57	0.059
58	0.147
59	0.192
60	0.193
61	0.201
62	0.175
63	0.136
64	0.106
65	0.06
66	0.078
67	0.087
68	0.045
69	0.034
70	0.064
71	0.039
72	0.016
73	0.044
74	0.055
75	0.024
76	0.042
77	0.089
78	0.076
79	0.069
80	0.124
81	0.165
82	0.139
83	0.181
84	0.263
85	0.303
86	0.234
87	0.237
88	0.301
89	0.23
90	0.149
91	0.19
92	0.198
93	0.113
94	0.091
95	0.133
96	0.087
97	0.039
98	0.035
99	0.039
100	0.06
101	0.064
102	0.022
103	0.03
104	0.067
105	0.041
106	0.027
107	0.069
108	0.079
109	0.042
110	0.044
111	0.089
112	0.083
113	0.063
114	0.103
115	0.13
116	0.103
117	0.115
118	0.159
119	0.157
120	0.14
121	0.183
122	0.22
123	0.217
124	0.237
125	0.25
126	0.264
127	0.289
128	0.275
129	0.231
130	0.238
131	0.259
132	0.2
133	0.164
134	0.191
135	0.177
136	0.113
137	0.108
138	0.128
139	0.086
140	0.049
141	0.074
142	0.068
143	0.025
144	0.037
145	0.055
146	0.023
147	0.012
148	0.041
149	0.036
150	0.007
151	0.021
152	0.032
153	0.012
154	0.0
155	0.011
156	0.017
157	0.041
158	0.066
159	0.105
160	0.084
161	0.068
162	0.128
163	0.15
164	0.103
165	0.124
166	0.191
167	0.171
168	0.136
169	0.19
170	0.233
171	0.186
172	0.172
173	0.241
174	0.241
175	0.185
176	0.22
177	0.284
178	0.286
179	0.217
180	0.229
181	0.299
182	0.277
183	0.221
184	0.267
185	0.297
186	0.333
187	0.288
188	0.22
189	0.237
190	0.183
191	0.182
192	0.171
193	0.122
194	0.127
195	0.16
196	0.125
197	0.092
198	0.123
199	0.134
200	0.088
201	0.071
202	0.106
203	0.098
204	0.053
205	0.057
206	0.09
207	0.063
208	0.03
209	0.053
210	0.072
211	0.036
212	0.019
213	0.048
214	0.06
215	0.025
216	0.014
217	0.046
218	0.055
219	0.116
220	0.166
221	0.156
222	0.08
223	0.082
224	0.101
225	0.053
226	0.087
227	0.089
228	0.036
229	0.031
230	0.056
231	0.041
232	0.009
233	0.017
234	0.029
235	0.018
236	0.001
237	0.005
238	0.019
239	0.018
240	0.007
241	0.007
242	0.028
243	0.035
244	0.021
245	0.023
246	0.053
247	0.06
248	0.042
249	0.06
250	0.095
251	0.107
252	0.078
253	0.074
254	0.103
