index	fluctuation
1	0.331
2	0.14
3	0.117
4	0.085
5	0.041
6	0.026
7	0.032
8	0.027
9	0.012
10	0.012
11	0.014
12	0.01
13	0.003
14	0.005
15	0.007
16	0.005
17	0.003
18	0.006
19	0.005
20	0.002
21	0.003
22	0.006
23	0.005
24	0.003
25	0.007
26	0.008
27	0.005
28	0.007
29	0.018
30	0.019
31	0.009
32	0.022
33	0.027
34	0.016
35	0.017
36	0.021
37	0.021
38	0.019
39	0.022
40	0.031
41	0.061
42	0.107
43	0.318
44	0.543
45	2.383
46	5.115
47	18.467
48	30.586
49	17.879
50	12.25
51	5.696
52	1.785
53	0.723
54	0.291
55	0.118
56	0.051
57	0.062
58	0.049
59	0.083
60	0.068
61	0.03
62	0.022
63	0.011
64	0.006
65	0.004
66	0.006
67	0.005
68	0.003
69	0.002
70	0.003
71	0.003
72	0.001
73	0.002
74	0.003
75	0.002
76	0.002
77	0.004
78	0.003
79	0.002
80	0.004
81	0.006
82	0.005
83	0.006
84	0.016
85	0.026
86	0.014
87	0.011
88	0.023
89	0.02
90	0.009
91	0.012
92	0.014
93	0.007
94	0.006
95	0.016
96	0.014
97	0.006
98	0.007
99	0.006
100	0.005
101	0.006
102	0.004
103	0.003
104	0.004
105	0.004
106	0.002
107	0.003
108	0.003
109	0.002
110	0.002
111	0.002
112	0.003
113	0.003
114	0.004
115	0.004
116	0.004
117	0.004
118	0.004
119	0.005
120	0.005
121	0.005
122	0.009
123	0.01
124	0.018
125	0.017
126	0.023
127	0.033
128	0.022
129	0.013
130	0.016
131	0.016
132	0.008
133	0.006
134	0.007
135	0.006
136	0.003
137	0.003
138	0.005
139	0.003
140	0.002
141	0.003
142	0.003
143	0.002
144	0.003
145	0.005
146	0.004
147	0.004
148	0.009
149	0.012
150	0.011
151	0.024
152	0.043
153	0.047
154	0.133
155	0.097
156	0.028
157	0.028
158	0.023
159	0.018
160	0.007
161	0.007
162	0.014
163	0.011
164	0.005
165	0.008
166	0.011
167	0.006
168	0.005
169	0.01
170	0.015
171	0.01
172	0.009
173	0.015
174	0.012
175	0.008
176	0.011
177	0.018
178	0.016
179	0.01
180	0.011
181	0.017
182	0.013
183	0.008
184	0.017
185	0.031
186	0.031
187	0.022
188	0.011
189	0.019
190	0.02
191	0.028
192	0.018
193	0.01
194	0.006
195	0.009
196	0.008
197	0.005
198	0.005
199	0.007
200	0.005
201	0.005
202	0.006
203	0.006
204	0.005
205	0.006
206	0.007
207	0.006
208	0.005
209	0.006
210	0.007
211	0.005
212	0.005
213	0.007
214	0.007
215	0.004
216	0.009
217	0.013
218	0.012
219	0.045
220	0.083
221	0.044
222	0.008
223	0.016
224	0.015
225	0.008
226	0.009
227	0.008
228	0.004
229	0.005
230	0.006
231	0.005
232	0.003
233	0.004
234	0.004
235	0.004
236	0.003
237	0.004
238	0.004
239	0.003
240	0.003
241	0.003
242	0.003
243	0.003
244	0.003
245	0.004
246	0.004
247	0.004
248	0.005
249	0.009
250	0.008
251	0.009
252	0.009
253	0.019
254	0.061
