index	displacement
1	0.503
2	0.356
3	0.38
4	0.285
5	0.137
6	0.116
7	0.173
8	0.079
9	0.035
10	0.087
11	0.109
12	0.056
13	0.084
14	0.143
15	0.117
16	0.114
17	0.187
18	0.186
19	0.147
20	0.203
21	0.254
22	0.174
23	0.164
24	0.249
25	0.215
26	0.121
27	0.165
28	0.218
29	0.121
30	0.08
31	0.038
32	0.073
33	0.03
34	0.051
35	0.041
36	0.01
37	0.015
38	0.017
39	0.119
40	0.855
41	1.49
42	1.895
43	0.586
44	0.149
45	0.374
46	1.906
47	4.287
48	4.23
49	6.166
50	1.571
51	0.973
52	2.262
53	2.609
54	3.017
55	1.148
56	0.864
57	0.328
58	0.291
59	0.292
60	0.014
61	0.042
62	0.037
63	0.02
64	0.024
65	0.069
66	0.057
67	0.043
68	0.094
69	0.099
70	0.076
71	0.101
72	0.132
73	0.093
74	0.077
75	0.108
76	0.1
77	0.052
78	0.048
79	0.069
80	0.049
81	0.016
82	0.021
83	0.023
84	0.015
85	0.032
86	0.029
87	0.091
88	0.12
89	0.107
90	0.121
91	0.299
92	0.322
93	0.108
94	0.033
95	0.007
96	0.012
97	0.016
98	0.019
99	0.017
100	0.031
101	0.043
102	0.038
103	0.038
104	0.049
105	0.051
106	0.035
107	0.036
108	0.044
109	0.034
110	0.023
111	0.032
112	0.035
113	0.028
114	0.034
115	0.057
116	0.079
117	0.083
118	0.113
119	0.038
120	0.035
121	0.037
122	0.015
123	0.035
124	0.032
125	0.028
126	0.034
127	0.035
128	0.028
129	0.033
130	0.038
131	0.037
132	0.038
133	0.042
134	0.04
135	0.045
136	0.037
137	0.031
138	0.026
139	0.017
140	0.01
141	0.011
142	0.002
143	0.005
144	0.012
145	0.024
146	0.027
147	0.049
148	0.058
149	0.032
150	0.016
151	0.006
152	0.009
153	0.003
154	0.005
155	0.015
156	0.016
157	0.017
158	0.036
159	0.041
160	0.039
161	0.044
162	0.056
163	0.049
164	0.048
165	0.054
166	0.049
167	0.046
168	0.045
169	0.053
170	0.029
171	0.028
172	0.154
173	0.226
174	0.344
175	0.375
176	1.497
177	2.057
178	2.639
179	3.023
180	5.419
181	6.384
182	7.975
183	9.819
184	4.924
185	3.802
186	0.913
187	0.205
188	0.146
189	0.012
190	0.02
191	0.101
192	0.094
193	0.016
194	0.006
195	0.034
196	0.052
197	0.028
198	0.013
199	0.028
200	0.052
201	0.04
202	0.038
203	0.039
204	0.04
205	0.039
206	0.044
207	0.025
208	0.011
209	0.024
210	0.05
211	0.027
212	0.014
213	0.035
214	0.107
215	0.199
216	0.389
217	0.397
218	0.168
219	0.204
220	0.207
221	0.088
222	0.078
223	0.096
224	0.032
225	0.009
226	0.028
227	0.044
228	0.02
229	0.028
230	0.05
231	0.051
232	0.051
233	0.073
234	0.068
235	0.055
236	0.063
237	0.084
238	0.057
239	0.038
240	0.053
241	0.058
242	0.024
243	0.018
244	0.036
245	0.019
246	0.002
247	0.018
248	0.025
