index	displacement
1	0.227
2	0.287
3	0.283
4	0.186
5	0.183
6	0.237
7	0.191
8	0.122
9	0.155
10	0.17
11	0.108
12	0.079
13	0.113
14	0.097
15	0.046
16	0.05
17	0.067
18	0.041
19	0.015
20	0.03
21	0.029
22	0.009
23	0.005
24	0.012
25	0.006
26	0.001
27	0.005
28	0.001
29	0.004
30	0.013
31	0.038
32	0.071
33	0.092
34	0.137
35	0.151
36	0.196
37	0.187
38	0.215
39	0.079
40	0.056
41	0.26
42	1.809
43	2.349
44	5.588
45	9.325
46	8.291
47	13.49
48	11.482
49	10.254
50	6.214
51	3.739
52	1.623
53	0.388
54	0.359
55	0.28
56	0.388
57	0.329
58	0.285
59	0.218
60	0.191
61	0.128
62	0.092
63	0.065
64	0.027
65	0.036
66	0.046
67	0.019
68	0.011
69	0.032
70	0.017
71	0.006
72	0.027
73	0.039
74	0.019
75	0.036
76	0.073
77	0.066
78	0.062
79	0.109
80	0.141
81	0.119
82	0.147
83	0.219
84	0.245
85	0.198
86	0.145
87	0.207
88	0.251
89	0.183
90	0.135
91	0.184
92	0.119
93	0.067
94	0.055
95	0.055
96	0.079
97	0.069
98	0.028
99	0.044
100	0.07
101	0.036
102	0.022
103	0.058
104	0.063
105	0.029
106	0.034
107	0.071
108	0.062
109	0.047
110	0.077
111	0.101
112	0.079
113	0.091
114	0.131
115	0.128
116	0.116
117	0.155
118	0.179
119	0.182
120	0.188
121	0.201
122	0.201
123	0.217
124	0.207
125	0.171
126	0.177
127	0.2
128	0.16
129	0.13
130	0.162
131	0.158
132	0.102
133	0.101
134	0.13
135	0.092
136	0.056
137	0.088
138	0.089
139	0.043
140	0.052
141	0.081
142	0.046
143	0.031
144	0.072
145	0.082
146	0.044
147	0.022
148	0.011
149	0.013
150	0.022
151	0.053
152	0.062
153	0.048
154	0.072
155	0.117
156	0.096
157	0.07
158	0.122
159	0.146
160	0.1
161	0.111
162	0.17
163	0.155
164	0.115
165	0.152
166	0.193
167	0.161
168	0.155
169	0.213
170	0.221
171	0.182
172	0.21
173	0.271
174	0.252
175	0.225
176	0.282
177	0.327
178	0.302
179	0.293
180	0.349
181	0.403
182	0.404
183	0.402
184	0.32
185	0.291
186	0.224
187	0.199
188	0.179
189	0.125
190	0.13
191	0.154
192	0.119
193	0.085
194	0.11
195	0.12
196	0.081
197	0.059
198	0.086
199	0.082
200	0.044
201	0.046
202	0.067
203	0.044
204	0.02
205	0.038
206	0.044
207	0.017
208	0.011
209	0.03
210	0.028
211	0.006
212	0.005
213	0.022
214	0.015
215	0.049
216	0.07
217	0.082
218	0.035
219	0.026
220	0.042
221	0.022
222	0.047
223	0.046
224	0.014
225	0.018
226	0.038
227	0.024
228	0.004
229	0.013
230	0.024
231	0.013
232	0.001
233	0.009
234	0.023
235	0.018
236	0.006
237	0.013
238	0.034
239	0.031
240	0.016
241	0.028
242	0.057
243	0.052
244	0.038
245	0.069
246	0.099
247	0.091
248	0.075
