index	displacement
1	1.723
2	1.757
3	1.654
4	1.116
5	0.901
6	0.966
7	0.778
8	0.44
9	0.419
10	0.391
11	0.27
12	0.139
13	0.126
14	0.104
15	0.053
16	0.018
17	0.016
18	0.059
19	0.048
20	0.06
21	0.12
22	0.169
23	0.158
24	0.24
25	0.335
26	0.313
27	0.351
28	0.526
29	0.56
30	0.449
31	0.393
32	0.269
33	0.126
34	0.033
35	0.002
36	0.114
37	0.245
38	0.581
39	0.907
40	1.23
41	1.129
42	1.17
43	0.535
44	1.334
45	0.543
46	1.195
47	2.248
48	3.407
49	6.955
50	4.019
51	0.923
52	1.042
53	0.589
54	1.469
55	1.425
56	1.496
57	0.968
58	0.975
59	0.628
60	0.153
61	0.094
62	0.145
63	0.117
64	0.186
65	0.179
66	0.12
67	0.13
68	0.148
69	0.119
70	0.088
71	0.078
72	0.082
73	0.077
74	0.027
75	0.026
76	0.093
77	0.092
78	0.068
79	0.131
80	0.266
81	0.26
82	0.308
83	0.497
84	0.775
85	0.615
86	0.466
87	0.837
88	1.004
89	0.611
90	0.455
91	0.789
92	0.431
93	0.096
94	0.022
95	0.039
96	0.067
97	0.053
98	0.014
99	0.041
100	0.065
101	0.034
102	0.037
103	0.07
104	0.062
105	0.046
106	0.049
107	0.053
108	0.041
109	0.047
110	0.039
111	0.014
112	0.019
113	0.057
114	0.043
115	0.026
116	0.059
117	0.152
118	0.16
119	0.159
120	0.172
121	0.286
122	0.236
123	0.154
124	0.082
125	0.031
126	0.059
127	0.013
128	0.018
129	0.05
130	0.089
131	0.083
132	0.074
133	0.104
134	0.157
135	0.131
136	0.098
137	0.157
138	0.21
139	0.133
140	0.116
141	0.222
142	0.209
143	0.095
144	0.154
145	0.275
146	0.22
147	0.105
148	0.174
149	0.333
150	0.437
151	0.631
152	0.541
153	0.41
154	0.547
155	0.606
156	0.396
157	0.323
158	0.409
159	0.369
160	0.213
161	0.194
162	0.189
163	0.139
164	0.088
165	0.067
166	0.028
167	0.021
168	0.07
169	0.083
170	0.083
171	0.108
172	0.253
173	0.353
174	0.362
175	0.428
176	0.83
177	0.949
178	0.92
179	1.141
180	1.802
181	1.992
182	2.053
183	2.325
184	1.402
185	0.878
186	0.377
187	0.333
188	0.541
189	0.34
190	0.219
191	0.377
192	0.382
193	0.179
194	0.148
195	0.183
196	0.155
197	0.065
198	0.051
199	0.045
200	0.05
201	0.048
202	0.071
203	0.064
204	0.069
205	0.154
206	0.209
207	0.14
208	0.156
209	0.339
210	0.369
211	0.201
212	0.264
213	0.496
214	0.411
215	0.665
216	0.702
217	0.709
218	0.369
219	0.262
220	0.21
221	0.074
222	0.16
223	0.232
224	0.089
225	0.043
226	0.101
227	0.082
228	0.012
229	0.005
230	0.008
231	0.02
232	0.016
233	0.017
234	0.027
235	0.057
236	0.071
237	0.108
238	0.13
239	0.128
240	0.157
241	0.257
242	0.238
243	0.165
244	0.249
245	0.339
246	0.234
247	0.178
248	0.326
