index	displacement
1	0.118
2	0.103
3	0.116
4	0.089
5	0.059
6	0.068
7	0.068
8	0.038
9	0.03
10	0.045
11	0.03
12	0.014
13	0.024
14	0.029
15	0.012
16	0.014
17	0.03
18	0.023
19	0.017
20	0.033
21	0.042
22	0.031
23	0.038
24	0.06
25	0.058
26	0.052
27	0.072
28	0.091
29	0.081
30	0.084
31	0.103
32	0.114
33	0.099
34	0.112
35	0.107
36	0.152
37	0.172
38	0.109
39	0.151
40	0.124
41	0.474
42	1.773
43	4.007
44	7.043
45	9.546
46	7.489
47	12.763
48	12.405
49	10.06
50	7.805
51	4.534
52	1.654
53	1.664
54	0.669
55	0.12
56	0.03
57	0.151
58	0.27
59	0.302
60	0.172
61	0.117
62	0.083
63	0.063
64	0.055
65	0.065
66	0.055
67	0.039
68	0.041
69	0.043
70	0.027
71	0.021
72	0.029
73	0.022
74	0.009
75	0.014
76	0.017
77	0.007
78	0.005
79	0.013
80	0.008
81	0.004
82	0.014
83	0.018
84	0.015
85	0.004
86	0.011
87	0.021
88	0.01
89	0.011
90	0.026
91	0.039
92	0.07
93	0.055
94	0.049
95	0.024
96	0.025
97	0.01
98	0.01
99	0.026
100	0.027
101	0.015
102	0.018
103	0.038
104	0.041
105	0.027
106	0.028
107	0.049
108	0.052
109	0.041
110	0.048
111	0.072
112	0.065
113	0.056
114	0.08
115	0.093
116	0.077
117	0.081
118	0.108
119	0.114
120	0.132
121	0.139
122	0.18
123	0.185
124	0.135
125	0.116
126	0.139
127	0.137
128	0.094
129	0.085
130	0.108
131	0.102
132	0.064
133	0.066
134	0.094
135	0.075
136	0.049
137	0.074
138	0.102
139	0.069
140	0.062
141	0.109
142	0.118
143	0.088
144	0.1
145	0.155
146	0.171
147	0.152
148	0.209
149	0.245
150	0.235
151	0.285
152	0.26
153	0.198
154	0.218
155	0.234
156	0.169
157	0.137
158	0.17
159	0.172
160	0.107
161	0.102
162	0.14
163	0.121
164	0.075
165	0.085
166	0.115
167	0.09
168	0.067
169	0.096
170	0.112
171	0.081
172	0.074
173	0.105
174	0.105
175	0.075
176	0.084
177	0.113
178	0.098
179	0.072
180	0.081
181	0.114
182	0.111
183	0.088
184	0.07
185	0.087
186	0.071
187	0.053
188	0.03
189	0.031
190	0.04
191	0.029
192	0.013
193	0.019
194	0.028
195	0.017
196	0.006
197	0.013
198	0.027
199	0.018
200	0.012
201	0.027
202	0.044
203	0.034
204	0.035
205	0.068
206	0.079
207	0.067
208	0.086
209	0.13
210	0.137
211	0.126
212	0.165
213	0.207
214	0.216
215	0.22
216	0.241
217	0.188
218	0.147
219	0.177
220	0.135
221	0.093
222	0.068
223	0.081
224	0.065
225	0.037
226	0.039
227	0.036
228	0.02
229	0.009
230	0.013
231	0.008
232	0.003
233	0.003
234	0.003
235	0.002
236	0.006
237	0.008
238	0.005
239	0.013
240	0.021
241	0.023
242	0.022
243	0.037
244	0.048
245	0.047
246	0.051
247	0.073
248	0.085
