index	displacement
1	0.223
2	0.229
3	0.209
4	0.144
5	0.125
6	0.131
7	0.101
8	0.061
9	0.063
10	0.056
11	0.034
12	0.02
13	0.02
14	0.013
15	0.003
16	0.003
17	0.001
18	0.002
19	0.004
20	0.007
21	0.008
22	0.017
23	0.024
24	0.029
25	0.036
26	0.046
27	0.056
28	0.066
29	0.074
30	0.078
31	0.094
32	0.095
33	0.072
34	0.05
35	0.029
36	0.005
37	0.017
38	0.006
39	0.058
40	0.141
41	1.681
42	2.466
43	6.303
44	11.088
45	5.089
46	5.665
47	8.775
48	2.388
49	11.967
50	10.497
51	1.664
52	3.278
53	10.127
54	6.399
55	1.554
56	1.082
57	0.243
58	0.338
59	0.198
60	0.028
61	0.065
62	0.07
63	0.068
64	0.061
65	0.059
66	0.054
67	0.043
68	0.037
69	0.039
70	0.027
71	0.017
72	0.021
73	0.024
74	0.008
75	0.008
76	0.025
77	0.023
78	0.015
79	0.028
80	0.053
81	0.048
82	0.051
83	0.083
84	0.119
85	0.103
86	0.08
87	0.134
88	0.164
89	0.118
90	0.098
91	0.155
92	0.115
93	0.052
94	0.029
95	0.024
96	0.032
97	0.025
98	0.008
99	0.015
100	0.028
101	0.016
102	0.012
103	0.027
104	0.033
105	0.023
106	0.025
107	0.038
108	0.037
109	0.035
110	0.039
111	0.04
112	0.037
113	0.037
114	0.034
115	0.03
116	0.031
117	0.031
118	0.026
119	0.023
120	0.024
121	0.018
122	0.031
123	0.045
124	0.053
125	0.045
126	0.05
127	0.064
128	0.053
129	0.047
130	0.053
131	0.054
132	0.04
133	0.037
134	0.042
135	0.032
136	0.019
137	0.026
138	0.023
139	0.009
140	0.011
141	0.017
142	0.005
143	0.005
144	0.018
145	0.017
146	0.008
147	0.012
148	0.01
149	0.002
150	0.004
151	0.005
152	0.003
153	0.003
154	0.012
155	0.024
156	0.02
157	0.016
158	0.034
159	0.041
160	0.031
161	0.036
162	0.053
163	0.049
164	0.041
165	0.047
166	0.054
167	0.046
168	0.046
169	0.044
170	0.038
171	0.033
172	0.036
173	0.033
174	0.029
175	0.031
176	0.031
177	0.03
178	0.031
179	0.031
180	0.031
181	0.03
182	0.03
183	0.03
184	0.032
185	0.033
186	0.035
187	0.049
188	0.048
189	0.045
190	0.036
191	0.032
192	0.033
193	0.03
194	0.027
195	0.025
196	0.024
197	0.022
198	0.025
199	0.022
200	0.018
201	0.019
202	0.025
203	0.017
204	0.01
205	0.017
206	0.022
207	0.011
208	0.005
209	0.015
210	0.024
211	0.012
212	0.006
213	0.021
214	0.032
215	0.063
216	0.097
217	0.099
218	0.05
219	0.051
220	0.062
221	0.033
222	0.045
223	0.044
224	0.016
225	0.013
226	0.02
227	0.014
228	0.002
229	0.002
230	0.005
231	0.006
232	0.003
233	0.003
234	0.009
235	0.015
236	0.015
237	0.017
238	0.025
239	0.031
240	0.033
241	0.04
242	0.044
243	0.048
244	0.055
245	0.062
246	0.06
247	0.066
248	0.081
