index	fluctuation
1	0.233
2	0.154
3	0.109
4	0.05
5	0.032
6	0.038
7	0.033
8	0.013
9	0.013
10	0.016
11	0.011
12	0.004
13	0.005
14	0.008
15	0.005
16	0.003
17	0.007
18	0.006
19	0.002
20	0.004
21	0.008
22	0.006
23	0.004
24	0.008
25	0.011
26	0.007
27	0.011
28	0.029
29	0.032
30	0.023
31	0.039
32	0.053
33	0.02
34	0.017
35	0.02
36	0.018
37	0.016
38	0.019
39	0.028
40	0.051
41	0.158
42	0.777
43	1.7
44	6.793
45	10.721
46	8.423
47	22.247
48	14.783
49	16.468
50	7.791
51	1.934
52	0.737
53	0.992
54	0.65
55	0.145
56	0.144
57	0.066
58	0.089
59	0.071
60	0.029
61	0.019
62	0.011
63	0.006
64	0.005
65	0.006
66	0.005
67	0.003
68	0.002
69	0.003
70	0.003
71	0.002
72	0.003
73	0.003
74	0.002
75	0.002
76	0.004
77	0.004
78	0.003
79	0.005
80	0.01
81	0.008
82	0.008
83	0.019
84	0.03
85	0.019
86	0.013
87	0.026
88	0.039
89	0.036
90	0.025
91	0.124
92	0.142
93	0.021
94	0.027
95	0.018
96	0.012
97	0.011
98	0.007
99	0.007
100	0.008
101	0.005
102	0.004
103	0.004
104	0.004
105	0.003
106	0.002
107	0.003
108	0.004
109	0.004
110	0.005
111	0.005
112	0.004
113	0.005
114	0.005
115	0.005
116	0.008
117	0.008
118	0.013
119	0.012
120	0.018
121	0.015
122	0.02
123	0.03
124	0.021
125	0.013
126	0.018
127	0.018
128	0.01
129	0.008
130	0.009
131	0.008
132	0.004
133	0.004
134	0.007
135	0.005
136	0.004
137	0.006
138	0.004
139	0.003
140	0.006
141	0.008
142	0.006
143	0.006
144	0.015
145	0.02
146	0.021
147	0.042
148	0.053
149	0.032
150	0.019
151	0.027
152	0.025
153	0.012
154	0.017
155	0.017
156	0.008
157	0.008
158	0.016
159	0.013
160	0.005
161	0.009
162	0.015
163	0.008
164	0.006
165	0.014
166	0.018
167	0.015
168	0.014
169	0.021
170	0.021
171	0.014
172	0.017
173	0.031
174	0.025
175	0.021
176	0.045
177	0.06
178	0.051
179	0.062
180	0.166
181	0.225
182	0.252
183	0.419
184	0.137
185	0.105
186	0.057
187	0.053
188	0.036
189	0.016
190	0.012
191	0.015
192	0.013
193	0.007
194	0.009
195	0.011
196	0.008
197	0.006
198	0.01
199	0.009
200	0.007
201	0.009
202	0.01
203	0.008
204	0.006
205	0.008
206	0.008
207	0.006
208	0.006
209	0.008
210	0.008
211	0.005
212	0.008
213	0.012
214	0.018
215	0.039
216	0.089
217	0.094
218	0.015
219	0.021
220	0.022
221	0.012
222	0.013
223	0.011
224	0.006
225	0.006
226	0.008
227	0.006
228	0.005
229	0.005
230	0.005
231	0.005
232	0.004
233	0.004
234	0.005
235	0.004
236	0.004
237	0.004
238	0.005
239	0.004
240	0.004
241	0.007
242	0.007
243	0.007
244	0.009
245	0.018
246	0.018
247	0.03
248	0.058
